53081599 Branden Mursell      04900000 400000 1364 805 811 789
46068220 Lena Copestake       10400000 300000 1446 595 587 599
58393056 Jeremy Mollett       11200000 100000 2103 640 649 627
*
53081599 11 16 TRANSFER  047500
46068220 05 09 LIVING    098400
46068220 03 08 TRANSFER  022600
46068220 11 25 TRANSFER  029700
53081599 03 18 MISC      069900
46068220 08 31 LIVING    057100
53081599 01 26 LIVING    079300
46068220 11 04 ENTERTAIN 036600
46068220 09 16 MISC      044200
58393056 06 06 TRANSFER  093900
58393056 07 18 TRANSFER  042500
53081599 05 25 ENTERTAIN 034300
46068220 09 07 ENTERTAIN 033100
53081599 07 18 PAYMENT   011500
53081599 09 14 ENTERTAIN 040500
53081599 12 07 MISC      084900
58393056 12 26 PAYMENT   027500
53081599 10 16 TRANSFER  015900
53081599 07 24 ENTERTAIN 098100
58393056 04 25 ENTERTAIN 057300